671
182
286
324
1058
560
16
831
1057
1077
207
778
705
752
459
902
629
154
718
309
496
432
989
1074
573
1009
980
1149
323
56
941
404
383
588
1064
430
940
1154
419
891
798
673
130
90
379
490
216
1230
1129
684
149
948
42
197
597
332
572
504
8
1118
883
605
238
542
495
667
408
479
825
912
938
910
1097
119
355
765
469
984
409
1043
701
1150
480
1089
181
347
280
448
1231
685
310
681
523
521
358
103
1123
259
640
1085
212
879
812
915
137
556
1199
864
717
440
414
501
950
450
530
1025
1042
1167
625
893
518
1208
1106
1246
543
275
803
464
328
122
1187
586
837
544
1050
622
618
824
1210
619
1010
819
725
222
272
1037
1112
372
176
251
497
935
706
1120
241
502
555
901
150
320
7
697
1105
293
707
70
202
1198
38
302
649
691
108
694
386
751
360
47
976
783
261
18
931
400
566
838
40
672
507
575
748
1137
423
1211
580
913
397
1232
880
1013
581
1098
662
1040
234
189
687
79
585
845
644
836
425
816
300
389
624
155
997
192
387
834
257
876
143
213
1165
144
1158
225
1039
626
175
457
942
399
919
594
683
1033
369
818
512
774
959
1143
814
349
515
702
654
411
1170
435
830
744
1075
73
1095
215
614
887
721
429
1161
468
541
217
873
1062
82
146
1173
9
746
233
417
632
53
995
738
1188
754
848
356
106
508
623
693
1067
550
1183
6
1130
712
1163
230
636
779
1081
1153
437
1103
444
726
539
1191
558
956
1059
545
303
785
442
1047
162
815
1133
235
715
1007
615
346
1223
1178
853
612
1023
117
1049
498
911
447
1190
336
1113
682
844
81
842
698
639
854
285
245
554
65
1111
613
789
1225
338
39
804
1234
1030
747
311
546
978
1180
1022
860
376
1138
1241
1248
960
219
591
795
771
881
1090
374
237
109
703
240
1146
786
527
268
325
805
773
60
334
1001
745
357
172
243
1083
194
220
186
462
350
153
918
1162
1228
402
1029
471
97
516
514
395
388
126
1031
1066
273
134
916
83
1229
810
878
729
483
1099
1063
418
434
896
602
13
1236
951
1114
651
116
869
817
1048
443
359
1011
1076
750
29
1186
889
739
1247
598
1221
98
532
66
587
178
458
472
967
304
928
1159
953
1061
185
415
168
314
638
531
758
841
138
986
89
767
1176
252
1070
583
917
506
431
26
393
603
289
61
1140
564
945
200
476
528
265
924
582
80
894
422
270
688
529
1189
333
1235
678
171
668
148
1169
191
708
281
433
21
1036
595
609
627
59
601
68
1215
526
642
384
933
549
635
158
676
734
210
50
631
1207
254
647
998
664
1200
0
291
24
1193
391
1096
20
847
590
1184
223
510
741
72
1014
855
593
1000
239
607
177
903
410
416
160
608
1092
110
1224
862
64
396
105
794
503
1107
142
101
375
606
485
1125
62
125
782
711
136
100
195
1148
937
489
1135
2
301
246
204
398
690
1196
49
187
296
44
736
12
1101
352
11
1240
339
926
806
987
1004
669
975
611
159
264
974
1245
716
132
727
823
34
486
129
78
224
1227
961
653
156
820
1134
390
420
1244
385
23
908
592
807
315
1219
1102
565
115
1213
327
861
1204
943
77
600
620
863
482
1203
1072
380
95
322
28
1041
76
290
92
666
221
882
292
231
1046
298
604
1100
939
1185
466
958
206
988
337
288
999
145
170
679
533
48
966
319
36
57
1174
120
775
368
713
637
628
839
768
107
821
730
509
992
925
962
909
742
835
776
728
827
1216
184
211
877
655
445
720
547
99
255
934
578
674
1194
318
279
228
412
856
829
262
868
147
438
35
1006
370
329
1205
63
1005
51
921
1126
1038
463
722
167
790
41
735
1222
364
857
113
870
294
169
1019
1122
361
982
849
866
481
677
871
111
513
1156
569
772
753
1249
1155
813
1069
297
731
704
363
900
54
1151
1052
826
183
84
996
208
1028
699
551
1051
648
538
188
487
282
952
1160
140
260
710
341
232
102
770
755
331
983
579
584
1179
1056
537
1044
811
1209
446
658
969
724
660
193
413
218
1142
899
616
87
788
43
441
67
749
491
1012
1175
426
922
104
1124
157
859
552
244
173
991
646
1084
737
1157
895
1195
557
253
822
307
1172
373
453
850
559
313
686
1088
133
4
865
656
454
1018
31
511
1086
645
689
467
1206
780
990
1034
428
135
1136
406
152
892
634
1145
174
885
652
970
141
198
968
1217
832
920
930
424
287
1002
932
936
392
1119
1032
886
461
1
367
474
10
1021
757
488
436
1218
661
561
14
500
1109
1139
964
762
1104
965
732
733
799
944
1054
45
766
278
833
493
897
205
1166
1035
484
756
719
128
630
405
1008
299
1181
164
316
74
256
494
139
271
907
904
1093
242
1017
657
201
371
326
670
872
977
1238
890
1202
1026
796
366
25
283
1214
867
1091
1079
1068
330
1055
574
199
793
452
570
276
15
1147
1110
971
576
348
353
740
520
1177
596
563
946
1132
650
1242
343
1168
923
473
769
1078
229
295
1015
274
519
760
37
643
1053
382
439
784
1071
851
1116
781
118
898
759
305
852
1003
963
71
407
354
949
52
1127
123
321
567
17
763
696
599
843
972
874
1108
1226
562
378
792
985
524
249
250
377
351
641
401
534
1152
536
1212
801
460
663
1115
589
22
121
94
46
165
929
700
791
875
846
32
58
335
196
190
427
403
1197
1171
1016
665
981
306
166
884
1164
1201
340
828
127
1237
505
761
954
151
124
477
1182
1239
905
888
1141
525
840
30
957
33
1094
449
858
365
284
179
277
979
381
809
548
914
800
465
312
1121
394
131
1060
226
743
19
114
345
1080
955
1082
91
247
764
451
553
227
180
709
1027
69
161
808
1045
478
86
994
577
470
455
1131
797
88
571
75
1087
344
659
517
1243
456
695
269
927
1117
267
263
55
112
492
973
163
93
610
906
317
266
540
258
209
522
675
1020
1024
680
5
633
1128
692
1250
993
568
777
1192
85
1073
1220
475
421
499
236
621
535
362
1065
214
203
96
947
27
342
723
3
787
1233
248
617
714
1144
308
802
